F(   0): 0
F(   1): 1
F(   2): 1
F(   3): 2
F(   4): 3
F(   5): 5
F(   6): 8
F(   7): 13
F(   8): 21
F(   9): 34
F(  10): 55
F(  11): 89
F(  12): 144
F(  13): 233
F(  14): 377
F(  15): 610
F(  16): 987
F(  17): 1,597
F(  18): 2,584
F(  19): 4,181
F(  20): 6,765
F(  21): 10,946
F(  22): 17,711
F(  23): 28,657
F(  24): 46,368
F(  25): 75,025
F(  26): 121,393
F(  27): 196,418
F(  28): 317,811
F(  29): 514,229
F(  30): 832,040
F(  31): 1,346,269
F(  32): 2,178,309
F(  33): 3,524,578
F(  34): 5,702,887
F(  35): 9,227,465
F(  36): 14,930,352
F(  37): 24,157,817
F(  38): 39,088,169
F(  39): 63,245,986
F(  40): 102,334,155
F(  41): 165,580,141
F(  42): 267,914,296
F(  43): 433,494,437
F(  44): 701,408,733
F(  45): 1,134,903,170
F(  46): 1,836,311,903
F(  47): 2,971,215,073
F(  48): 4,807,526,976
F(  49): 7,778,742,049
F(  50): 12,586,269,025
F(  51): 20,365,011,074
F(  52): 32,951,280,099
F(  53): 53,316,291,173
F(  54): 86,267,571,272
F(  55): 139,583,862,445
F(  56): 225,851,433,717
F(  57): 365,435,296,162
F(  58): 591,286,729,879
F(  59): 956,722,026,041
F(  60): 1,548,008,755,920
F(  61): 2,504,730,781,961
F(  62): 4,052,739,537,881
F(  63): 6,557,470,319,842
F(  64): 10,610,209,857,723
F(  65): 17,167,680,177,565
F(  66): 27,777,890,035,288
F(  67): 44,945,570,212,853
F(  68): 72,723,460,248,141
F(  69): 117,669,030,460,994
F(  70): 190,392,490,709,135
F(  71): 308,061,521,170,129
F(  72): 498,454,011,879,264
F(  73): 806,515,533,049,393
F(  74): 1,304,969,544,928,657
F(  75): 2,111,485,077,978,050
F(  76): 3,416,454,622,906,707
F(  77): 5,527,939,700,884,757
F(  78): 8,944,394,323,791,464
F(  79): 14,472,334,024,676,221
F(  80): 23,416,728,348,467,685
F(  81): 37,889,062,373,143,906
F(  82): 61,305,790,721,611,591
F(  83): 99,194,853,094,755,497
F(  84): 160,500,643,816,367,088
F(  85): 259,695,496,911,122,585
F(  86): 420,196,140,727,489,673
F(  87): 679,891,637,638,612,258
F(  88): 1,100,087,778,366,101,931
F(  89): 1,779,979,416,004,714,189
F(  90): 2,880,067,194,370,816,120
F(  91): 4,660,046,610,375,530,309
F(  92): 7,540,113,804,746,346,429
F(  93): 12,200,160,415,121,876,738
F(  94): 19,740,274,219,868,223,167
F(  95): 31,940,434,634,990,099,905
F(  96): 51,680,708,854,858,323,072
F(  97): 83,621,143,489,848,422,977
F(  98): 135,301,852,344,706,746,049
F(  99): 218,922,995,834,555,169,026
F( 100): 354,224,848,179,261,915,075
F( 101): 573,147,844,013,817,084,101
F( 102): 927,372,692,193,078,999,176
F( 103): 1,500,520,536,206,896,083,277
F( 104): 2,427,893,228,399,975,082,453
F( 105): 3,928,413,764,606,871,165,730
F( 106): 6,356,306,993,006,846,248,183
F( 107): 10,284,720,757,613,717,413,913
F( 108): 16,641,027,750,620,563,662,096
F( 109): 26,925,748,508,234,281,076,009
F( 110): 43,566,776,258,854,844,738,105
F( 111): 70,492,524,767,089,125,814,114
F( 112): 114,059,301,025,943,970,552,219
F( 113): 184,551,825,793,033,096,366,333
F( 114): 298,611,126,818,977,066,918,552
F( 115): 483,162,952,612,010,163,284,885
F( 116): 781,774,079,430,987,230,203,437
F( 117): 1,264,937,032,042,997,393,488,322
F( 118): 2,046,711,111,473,984,623,691,759
F( 119): 3,311,648,143,516,982,017,180,081
F( 120): 5,358,359,254,990,966,640,871,840
F( 121): 8,670,007,398,507,948,658,051,921
F( 122): 14,028,366,653,498,915,298,923,761
F( 123): 22,698,374,052,006,863,956,975,682
F( 124): 36,726,740,705,505,779,255,899,443
F( 125): 59,425,114,757,512,643,212,875,125
F( 126): 96,151,855,463,018,422,468,774,568
F( 127): 155,576,970,220,531,065,681,649,693
F( 128): 251,728,825,683,549,488,150,424,261
F( 129): 407,305,795,904,080,553,832,073,954
F( 130): 659,034,621,587,630,041,982,498,215
F( 131): 1,066,340,417,491,710,595,814,572,169
F( 132): 1,725,375,039,079,340,637,797,070,384
F( 133): 2,791,715,456,571,051,233,611,642,553
F( 134): 4,517,090,495,650,391,871,408,712,937
F( 135): 7,308,805,952,221,443,105,020,355,490
F( 136): 11,825,896,447,871,834,976,429,068,427
F( 137): 19,134,702,400,093,278,081,449,423,917
F( 138): 30,960,598,847,965,113,057,878,492,344
F( 139): 50,095,301,248,058,391,139,327,916,261
F( 140): 81,055,900,096,023,504,197,206,408,605
F( 141): 131,151,201,344,081,895,336,534,324,866
F( 142): 212,207,101,440,105,399,533,740,733,471
F( 143): 343,358,302,784,187,294,870,275,058,337
F( 144): 555,565,404,224,292,694,404,015,791,808
F( 145): 898,923,707,008,479,989,274,290,850,145
F( 146): 1,454,489,111,232,772,683,678,306,641,953
F( 147): 2,353,412,818,241,252,672,952,597,492,098
F( 148): 3,807,901,929,474,025,356,630,904,134,051
F( 149): 6,161,314,747,715,278,029,583,501,626,149
F( 150): 9,969,216,677,189,303,386,214,405,760,200
F( 151): 16,130,531,424,904,581,415,797,907,386,349
F( 152): 26,099,748,102,093,884,802,012,313,146,549
F( 153): 42,230,279,526,998,466,217,810,220,532,898
F( 154): 68,330,027,629,092,351,019,822,533,679,447
F( 155): 110,560,307,156,090,817,237,632,754,212,345
F( 156): 178,890,334,785,183,168,257,455,287,891,792
F( 157): 289,450,641,941,273,985,495,088,042,104,137
F( 158): 468,340,976,726,457,153,752,543,329,995,929
F( 159): 757,791,618,667,731,139,247,631,372,100,066
F( 160): 1,226,132,595,394,188,293,000,174,702,095,995
F( 161): 1,983,924,214,061,919,432,247,806,074,196,061
F( 162): 3,210,056,809,456,107,725,247,980,776,292,056
F( 163): 5,193,981,023,518,027,157,495,786,850,488,117
F( 164): 8,404,037,832,974,134,882,743,767,626,780,173
F( 165): 13,598,018,856,492,162,040,239,554,477,268,290
F( 166): 22,002,056,689,466,296,922,983,322,104,048,463
F( 167): 35,600,075,545,958,458,963,222,876,581,316,753
F( 168): 57,602,132,235,424,755,886,206,198,685,365,216
F( 169): 93,202,207,781,383,214,849,429,075,266,681,969
F( 170): 150,804,340,016,807,970,735,635,273,952,047,185
F( 171): 244,006,547,798,191,185,585,064,349,218,729,154
F( 172): 394,810,887,814,999,156,320,699,623,170,776,339
F( 173): 638,817,435,613,190,341,905,763,972,389,505,493
F( 174): 1,033,628,323,428,189,498,226,463,595,560,281,832
F( 175): 1,672,445,759,041,379,840,132,227,567,949,787,325
F( 176): 2,706,074,082,469,569,338,358,691,163,510,069,157
F( 177): 4,378,519,841,510,949,178,490,918,731,459,856,482
F( 178): 7,084,593,923,980,518,516,849,609,894,969,925,639
F( 179): 11,463,113,765,491,467,695,340,528,626,429,782,121
F( 180): 18,547,707,689,471,986,212,190,138,521,399,707,760
F( 181): 30,010,821,454,963,453,907,530,667,147,829,489,881
F( 182): 48,558,529,144,435,440,119,720,805,669,229,197,641
F( 183): 78,569,350,599,398,894,027,251,472,817,058,687,522
F( 184): 127,127,879,743,834,334,146,972,278,486,287,885,163
F( 185): 205,697,230,343,233,228,174,223,751,303,346,572,685
F( 186): 332,825,110,087,067,562,321,196,029,789,634,457,848
F( 187): 538,522,340,430,300,790,495,419,781,092,981,030,533
F( 188): 871,347,450,517,368,352,816,615,810,882,615,488,381
F( 189): 1,409,869,790,947,669,143,312,035,591,975,596,518,914
F( 190): 2,281,217,241,465,037,496,128,651,402,858,212,007,295
F( 191): 3,691,087,032,412,706,639,440,686,994,833,808,526,209
F( 192): 5,972,304,273,877,744,135,569,338,397,692,020,533,504
F( 193): 9,663,391,306,290,450,775,010,025,392,525,829,059,713
F( 194): 15,635,695,580,168,194,910,579,363,790,217,849,593,217
F( 195): 25,299,086,886,458,645,685,589,389,182,743,678,652,930
F( 196): 40,934,782,466,626,840,596,168,752,972,961,528,246,147
F( 197): 66,233,869,353,085,486,281,758,142,155,705,206,899,077
F( 198): 107,168,651,819,712,326,877,926,895,128,666,735,145,224
F( 199): 173,402,521,172,797,813,159,685,037,284,371,942,044,301
F( 200): 280,571,172,992,510,140,037,611,932,413,038,677,189,525
F( 201): 453,973,694,165,307,953,197,296,969,697,410,619,233,826
F( 202): 734,544,867,157,818,093,234,908,902,110,449,296,423,351
F( 203): 1,188,518,561,323,126,046,432,205,871,807,859,915,657,177
F( 204): 1,923,063,428,480,944,139,667,114,773,918,309,212,080,528
F( 205): 3,111,581,989,804,070,186,099,320,645,726,169,127,737,705
F( 206): 5,034,645,418,285,014,325,766,435,419,644,478,339,818,233
F( 207): 8,146,227,408,089,084,511,865,756,065,370,647,467,555,938
F( 208): 13,180,872,826,374,098,837,632,191,485,015,125,807,374,171
F( 209): 21,327,100,234,463,183,349,497,947,550,385,773,274,930,109
F( 210): 34,507,973,060,837,282,187,130,139,035,400,899,082,304,280
F( 211): 55,835,073,295,300,465,536,628,086,585,786,672,357,234,389
F( 212): 90,343,046,356,137,747,723,758,225,621,187,571,439,538,669
F( 213): 146,178,119,651,438,213,260,386,312,206,974,243,796,773,058
F( 214): 236,521,166,007,575,960,984,144,537,828,161,815,236,311,727
F( 215): 382,699,285,659,014,174,244,530,850,035,136,059,033,084,785
F( 216): 619,220,451,666,590,135,228,675,387,863,297,874,269,396,512
F( 217): 1,001,919,737,325,604,309,473,206,237,898,433,933,302,481,297
F( 218): 1,621,140,188,992,194,444,701,881,625,761,731,807,571,877,809
F( 219): 2,623,059,926,317,798,754,175,087,863,660,165,740,874,359,106
F( 220): 4,244,200,115,309,993,198,876,969,489,421,897,548,446,236,915
F( 221): 6,867,260,041,627,791,953,052,057,353,082,063,289,320,596,021
F( 222): 11,111,460,156,937,785,151,929,026,842,503,960,837,766,832,936
F( 223): 17,978,720,198,565,577,104,981,084,195,586,024,127,087,428,957
F( 224): 29,090,180,355,503,362,256,910,111,038,089,984,964,854,261,893
F( 225): 47,068,900,554,068,939,361,891,195,233,676,009,091,941,690,850
F( 226): 76,159,080,909,572,301,618,801,306,271,765,994,056,795,952,743
F( 227): 123,227,981,463,641,240,980,692,501,505,442,003,148,737,643,593
F( 228): 199,387,062,373,213,542,599,493,807,777,207,997,205,533,596,336
F( 229): 322,615,043,836,854,783,580,186,309,282,650,000,354,271,239,929
F( 230): 522,002,106,210,068,326,179,680,117,059,857,997,559,804,836,265
F( 231): 844,617,150,046,923,109,759,866,426,342,507,997,914,076,076,194
F( 232): 1,366,619,256,256,991,435,939,546,543,402,365,995,473,880,912,459
F( 233): 2,211,236,406,303,914,545,699,412,969,744,873,993,387,956,988,653
F( 234): 3,577,855,662,560,905,981,638,959,513,147,239,988,861,837,901,112
F( 235): 5,789,092,068,864,820,527,338,372,482,892,113,982,249,794,889,765
F( 236): 9,366,947,731,425,726,508,977,331,996,039,353,971,111,632,790,877
F( 237): 15,156,039,800,290,547,036,315,704,478,931,467,953,361,427,680,642
F( 238): 24,522,987,531,716,273,545,293,036,474,970,821,924,473,060,471,519
F( 239): 39,679,027,332,006,820,581,608,740,953,902,289,877,834,488,152,161
F( 240): 64,202,014,863,723,094,126,901,777,428,873,111,802,307,548,623,680
